0 100
5.5 98
7 95
9 91
10 90
25 55
28 50
33 45
39 38.5
45 30
46.5 25
47.5 20
46.5 15
44 12
38 8
29 6
24 4
15 2.5
10 1.1000000000000001
5 1
0 0
0 50
0 75
0 87.5
7.7272758664047831 88.727275866404781
0 93.75
17.5 72.5
13.75 81.25
11.875 85.625
5.23327667298111 91.616638336490553
3.377049180327869 95.063524590163937
39.931827599214344 17.931810333988043
3.8916112952530346 87.937509736280077
2.75 99
0 96
0 90.625
2.4145160961303747 92.1875
42.802452635737005 15.539622803552493
0 81.25
6.8577866783870896 83.240895047342192
45.034083167268825 17.893183366546236
43.781124888967561 21.856224977793513
38.328886896525098 13.089812703629576
0 84.375
6.2592441362584745 86.147842225245753
9.0029992856821757 85.197689648064411
10.166074934558704 81.768338574278843
41 10
39.828132385314575 15.279813436091423
35.279299197605056 16.785702208239261
41.10968091803651 12.794300122062211
3.2642714254988099 82.8125
12.8125 83.4375
6.0388535001001831 76.948529313359813
38.483820492387487 10.52426926141877
33.5 7
35.230134605787832 9.8393942739547438
30.26872673247896 10.915729703844674
32.562914154945311 9.5178072355980241
33.456844713474702 13.325273224370086
2.5452709101197519 85.501411524731679
7.3849935879431268 79.972806836997478
4.104057681282403 79.621458628992585
15.625 76.875
2.8035324113852256 76.643361228006356
10.05117043357823 78.894752456813649
0 78.125
0 62.5
0 68.75
4.6811112822418144 74.040351604680666
8.446948793908982 74.053227084198184
35.851393383030064 12.349414439375661
28.233685983242616 18.286196762701373
8.6511078054139183 76.672118904730326
6.5859394569400331 67.638693140565096
12.695695097111658 71.657564884595502
29.860859113327212 14.769292891400664
6.5740389329825204 71.119374342901594
11.072583255808187 73.744391160519669
9.4590692298260759 71.342371198246667
11.40850873351272 76.487474722112992
14.007195302087325 74.352269065330972
11.538699663761443 66.76284220690799
11.281121530584175 69.407831890381601
23.002857688145752 33.807468944252783
32.465977576140311 16.057236472639488
32.581269596877775 21.408712474375157
33.278320256498304 18.716715313586082
36.85202945062445 20.41766320570779
22.812772180095699 13.643215749812384
2.9573354044142519 70.849424796668714
37.446696998168761 18.003660903213277
40.246840548840957 21.47284325960111
26.613071654188044 12.477175304069352
0 71.875
2.118602341205039 73.4375
3.1634071524964091 67.426519687902584
41.504636584790347 26.360047702366366
26.891151731877638 15.530167985015689
22.676740130473792 19.288125241431413
25.31391520067428 18.003487763312243
26.272635525956783 23.320790393831889
22.935565848374125 16.470268662107511
25.043398023442045 20.797343466428249
18.286221827821869 15.25602070635065
16.127052853253321 18.863972731719805
0 25
21.184641506644294 24.238165916758252
20.148132756708517 17.635052519446631
27.313454712115146 9.0568804672085648
19.288809352971231 10.556487093967437
19.694678811346666 21.089140927889105
0 65.625
2.9844983767202673 64.0625
41.795380785993601 23.679761636196751
38.089084203756329 24.633633160047534
14.857307563932732 25.304946250434362
23.811272632944874 10.121586224785741
26.5 5
24.221784044730608 7.0705398881734745
21.347899972360892 8.2370051211385604
19.5 3.25
38.388366606714087 28.283415840440949
36.736403670515003 31.551672566624561
17.870530888493818 23.87923817823231
18.891306333267366 29.933705921694784
15.14505340371473 22.01602843418631
17.527081904322142 27.050427816321754
9.17083649754953 23.150393347787166
20.655511927078866 27.334590415798374
13.097937437533286 30.910460437839617
12.317919773011893 23.425730151731646
24.191274634128494 26.345373736548254
14.768145132141662 28.355820083377083
10.383724516734567 27.410311136334041
11.155914968656399 18.584220247282587
23.66423513962285 31.275130070030375
13.580951203548016 19.799748902929231
13.772827404021541 16.390152554766996
10.927119950988359 21.199333676714975
11.282571635431914 12.031026078458309
21.501792338506927 29.807325473670058
20.385738440082392 33.778363126335876
21.653229525501118 11.412077396725437
20.234724853632592 13.566168569665731
17.766479734622479 12.688428495307825
15.683602246005549 14.4464529546529
15.944348588743887 9.7778348876172281
0 12.5
0 56.25
30.593706965746033 28.522760748855344
12.118652973175381 6.5740596496839867
7.1327937285632155 19.549804600460707
3.5373217113036013 59.375
42 34.25
27.699558742862369 26.531158520148203
34.440889121297573 26.769947307745344
14.618519044485222 7.4749763733023995
13.115210934530399 9.8735696566747944
9.9389915227766288 9.0326386455204357
5.6614095813584679 12.749650417539502
7.9238056717618619 5.050586293333807
8.3631528513885591 11.538996821797893
9.2356342162418663 15.269285016842581
0 6.25
2.3655605309958538 61.613156377940669
0 59.375
5.8808440719190944 62.027733608681807
29.821288375623325 23.665807383534418
27.27000800352641 30.254025510715209
35.833092367937795 29.04346122831592
32.943294107842803 31.500963532790852
11.801772016137575 14.625292850271432
8.8217127003105826 17.722721307369014
0 18.75
9.4116477797207168 56.546948158057788
5.7330335421594629 64.896090369436052
9.3386114861583902 63.64390413758823
41.509301330888349 29.853803401344219
28.269970558318004 21.199556394185848
32.7004870246151 24.370495215538796
24.94446503422807 28.918948229409935
27.277258266796736 37.156618366477375
33.112099111823156 28.951859795430277
34.779613359142665 36.032023398824606
6.0499186532274543 15.993454671544086
0 15.625
6.8733132756183508 58.789406145402289
8.9009201271892611 66.288086463672727
23.981662450306786 43.694458328505206
43.5 32.125
26.300188829170882 33.706344413432184
34.815067273172005 33.380019008840087
37.947565789058423 34.748135697877331
31.647114843256222 34.663906709787362
3.619475343387224 18.67653937800144
2.7673078386024117 14.0625
6.19428304872413 8.426776710924802
2.3346926832041275 16.528112896744517
4.4497132004658306 54.777701706095328
10.295166132393314 60.104894440434087
19.375 68.125
23.375302139722947 36.39811470114617
39.678455422065561 32.264599131887628
40.5 36.375
31.447633598269963 39.390857173233606
28.855249789839441 34.846269995019931
30.082701016709741 32.175747600934272
4.3389518956599389 23.285962506117855
2.9218933954387367 10.556909417623645
6.7695817080853455 56.114134015109805
8.8578748204682505 51.646886798842665
6.7877454047430925 53.400896713069791
3.7699681616080705 50.949810968646347
13.843100102077015 57.335190457270869
21.25 63.75
32.46300373027259 37.066022269120339
36 41.75
29.87376484074796 37.319322442860994
34.38709681457135 39.290517246382173
28.397775235188398 40.074368421796983
33.006587033236173 41.954445124976971
36.522100766475496 37.89481066073747
24.737544193143904 39.805990107961229
29.700436563709708 43.470079027265541
0 21.875
4.9494499011875037 20.829808508718383
2.5117750099654952 21.527852881932315
3.880154354820569 5.1102300522701523
0 9.375
0 53.125
0 37.5
11.451638385841541 57.929044368577472
11.981452815874619 54.950458483587703
13.313285672043939 60.313776342260638
17.139748380880121 52.842637397936258
18.306189074609136 59.665473286251185
14.857857944529789 54.624001167585277
15.707631414732974 59.203256181008939
17.52944441292372 56.496708056583572
16.273219561982341 63.559131043352238
12.976350648599698 50.881285798499427
23.125 59.375
20.58936955275049 57.426225374562705
24.0625 57.1875
22.173085150534224 55.083107921657522
23.458168188804926 50.674900913282954
17.236423449212385 40.387910633014037
26.405777533041952 42.147981288955016
26.921366702646903 45.629319795086488
3.4886898579361318 7.8489932403809908
2.524229004911696 53.145324371655789
0 43.75
12.694412281835751 63.61217015633548
19.441835102436745 54.444941834283803
20.069109970793352 51.088817733659589
19.743198269252417 37.527271831524878
23.787711906265962 47.189763986772192
0 46.875
14.515974441576908 65.755542550006069
13.721331468994675 68.310431111155069
17.311055108286219 66.190604422494275
16.575265021591221 69.043954398137501
21.977723980976936 52.634738544539431
16.592368916763988 48.605033100127493
21.12071737743884 41.120615175915923
14.864972897141582 35.78114947899244
26.208160525220244 48.123768036914988
30.5 47.5
2.2141315441274543 49.16846083568764
6.1498922239467113 47.301066782427952
3.1466765772361844 46.052668399777346
6.8613503418574142 41.35299473578813
5.6667891242603394 44.226696744296071
3.046718566087379 41.452433956887056
11.358350636301953 44.907473239533324
8.4165627686364548 45.369742523927123
10.395890507477244 48.374177385434244
15.242784412971801 71.252225149527987
22.095110582910447 38.686368831177731
20.014350413643541 45.227350563140114
17.80136570596235 35.264935437286631
16.722664571065948 37.738617812678946
12.438893135076846 39.943800976549539
15.832366458293183 32.67431354188863
30.838549610225915 45.338549610225911
2.4029614157136381 43.767625298417052
0 40.625
4.8372250224598243 36.921736275177842
13.535511081132213 47.378873546284566
15.152447390342637 43.759770121735684
7.9257684268079469 49.211090390582385
21.609193483677117 43.454609120593389
19.064516871900189 42.769065526630428
4.9062112453820124 39.568147169602817
2.3123237393529545 38.868046751378259
7.9804085350548011 38.163904870002639
12.733196552414469 42.607315782220304
9.7151994162676605 42.36436796795131
6.2329005632375676 51.000734954115366
8.2381919412326301 32.913769513821364
9.8999625789108325 39.829595010578828
11.215691791930107 36.374439170292575
7.2180733602731042 35.495077653410917
3.216337544596537 26.793029531463866
12.673328343617614 33.820379800629851
47 22.5
42.493228315766608 19.269453677256479
13.350559919997368 78.489525679998877
18.078311925311528 7.0161531528758641
16.061694822114006 5.0835248668411452
20.41500162084542 5.7468183149456253
10.686157457208846 3.9814593203510724
7.5 1.05
6.2063041984168326 3.2097900791583873
35.462526725679623 23.114846684861483
2.6538795711338472 56.810482917911379
6.8362474031629752 26.11772610533875
6.7673312911600441 23.661454306432987
7.6130449213232474 29.500105944531562
3.9888725667952141 32.726688852073394
10.346057251354559 30.241971897277192
0 31.25
6.1704076442494218 31.528370925668042
3.7672994766805554 29.738416739262217
0 28.125
0 3.125
1.9611613513818407 0.39223227027636814
2.5651972817821278 2.8958107861223801
18.809501396705478 62.405823660149224
11.164426734477676 52.594487813650773
26.5 52.5
15.511804776335801 50.898766815762173
20.891267646746581 48.150147518638256
16.409981556014099 30.241593243165738
18.316731354022167 32.369819460501184
0 34.375
2.2663883333400898 35.9375
45.75 27.5
43.311947276449715 28.104515604997481
43.981253788079094 25.60265534856596
17.191990176069005 45.790246516652346

